-605607098
3450353040
4136858647
234556310
11688381110
-4247878858
-3576590322
-5785660747
5000679672
-3709260324
-2996207488
2737664656
13822509043
-17009983257
-14145246125
-3699713621
1285610817
-2131790703
561864895
3141595826
-1509393282
-2336082129
-2277699175
-775022626
-4523820476
-6141058917
-11576752794
439642857
7086504626
9013820866
690284791
-5376506983
3032690164
10781318532
7906446423
-3857132398
2051077486
-2409280897
-2418311246
1857186147
-4025032804
5533194277
-2014956584
6464561869
1465125714
2692692732
9241664827
10503369676
5449733197
-22204545277
-120387248
3464742916
-2671094105
2457932817
-5032750107
-3791320619
-3168702469
-9019277027
-4942191358
-10536843456
1498825829
1522717630
-9301311677
-11592747383
1181237654
10521999096
-5643094006
-10189992692
4240166970
-7831171529
11368579259
-7676554269
-3489407618
-2756723807
-15591596999
-8936366636
-17254420431
-215138387
8819522084
