12044.0,803.0,15987.0,14473.0,3175.0,9864.0,1038.0,6944.0,1479.0,7307.0,2840.0,6392.0,2984.0,204.0,6211.0,9202.0,10677.0,609.0,6668.0,14532.0,
7584.0,11491.0,3143.0,1498.0,543.0,2671.0,2505.0,4277.0,1988.0,2415.0,2535.0,17523.0,16723.0,19792.0,19916.0,4444.0,14139.0,2360.0,7250.0,18932.0,3784.0,15120.0,14455.0,11093.0,12200.0,6871.0,14695.0,19202.0,9014.0,5183.0,10961.0,15596.0,12045.0,16542.5,8995.0,3743.0,15326.0,15459.0,14152.0,470.0,10697.0,5988.0,
16133.0,12470.0,18820.0,5216.0,8439.0,727.0,19555.0,10448.0,1170.0,5363.0,5337.0,4911.0,17867.0,10506.0,10680.0,7783.0,5762.0,2862.0,11144.0,1701.0,13812.0,17295.0,11676.0,15367.0,17937.0,15501.0,17425.0,17085.0,15586.0,15655.0,1539.0,18199.0,1957.0,14174.0,2896.0,755.0,10784.0,10454.0,301.0,15688.0,20116.0,8856.0,9389.0,10455.0,13259.0,8314.0,12223.0,13728.0,17826.0,14431.0,7611.0,13574.0,1722.0,
734.0,423.0,19597.0,17843.0,19118.0,11528.0,4764.0,11908.0,13024.0,15548.0,4954.0,8776.0,16855.0,7725.0,14575.0,8309.0,12008.0,13306.0,7693.0,16471.0,26329.5,19717.0,18792.0,10717.0,1130.0,5419.0,2467.0,457.0,5568.0,17763.0,19963.5,4401.0,4673.5,545.0,5843.0,8207.0,19998.0,1135.0,16648.0,8145.0,10337.0,18761.0,7397.0,782.0,6574.0,12997.0,12846.0,10925.0,18577.5,15305.0,8819.0,16391.0,3904.0,3326.0,10855.0,6840.0,15139.0,19142.0,13805.0,
18507.0,1134.0,10122.0,5181.0,12749.0,9262.0,12022.0,19692.0,9187.0,4238.0,16042.0,12169.0,10943.0,12160.0,6559.0,2244.0,11656.0,8329.0,13600.0,19642.0,15773.0,15133.0,3312.0,1903.0,14030.0,9179.0,5482.0,3264.0,8186.0,9844.0,10772.0,16278.0,10313.0,9497.0,8279.0,4036.0,9797.0,5310.0,9957.0,
8436.0,13940.0,19705.0,470.0,12890.0,12254.0,10181.0,16034.0,3079.0,8197.0,5193.0,15108.0,19824.0,9432.0,13672.0,8480.0,3419.0,2155.0,2931.0,19273.0,14176.0,3172.0,15142.0,12003.0,19466.0,18026.0,2721.0,6758.0,9796.0,8479.0,2576.0,13836.0,10207.0,2303.0,
16980.0,9984.0,7068.0,5783.0,11165.0,7729.0,15897.0,12812.0,2085.0,9662.0,7834.0,901.0,6939.0,8113.0,2348.0,12855.0,4795.0,6962.0,4334.0,9342.0,19673.0,5322.0,9676.0,396.0,5835.0,16035.0,11565.0,8258.0,8584.0,6360.0,17359.0,4709.0,4536.0,8697.0,19222.0,8212.0,9483.0,4547.0,10988.0,10904.0,1083.0,15667.0,19810.0,2502.0,8334.0,9752.0,16875.0,137.0,2895.0,1898.0,14743.0,18271.0,7559.0,15617.0,8125.0,10349.0,4448.0,1065.0,2363.0,3266.0,1806.0,16061.0,418.0,18504.0,19401.0,10984.0,1694.0,11287.0,
16427.0,17050.0,15777.0,3021.0,12726.0,1750.0,2166.0,3290.0,9428.0,18505.0,3684.0,12938.0,13115.0,11487.0,10628.0,15142.0,16487.5,2691.0,2691.0,13165.0,4014.0,8144.0,11837.5,7387.0,19256.0,25444.0,12376.0,15384.0,10873.0,2391.0,17806.0,6232.0,17519.0,13080.0,7497.0,18387.0,18769.0,27618.5,17699.0,14915.0,13750.0,18583.0,1810.0,16510.0,13251.0,10337.0,5035.0,14271.0,18472.0,12017.0,13645.0,12419.0,18040.0,9127.0,
8078.0,3535.0,17929.0,19098.0,3457.0,7726.0,12614.0,305.0,1101.0,7312.0,15002.0,16797.0,11798.0,13054.0,2512.0,15247.0,17876.0,11220.0,14760.0,16394.5,3269.0,17814.0,11876.0,7343.0,1492.0,11258.0,18241.0,5413.0,7796.0,4766.0,5687.0,16406.0,15344.0,11553.0,18035.0,4290.0,1882.0,3529.5,3295.0,4079.0,5130.0,4230.0,1666.0,9084.0,58.0,1094.0,7333.0,12478.0,19260.0,16716.0,14693.0,436.0,
15489.0,4834.0,3025.0,6753.0,5428.0,4334.0,11715.0,19311.0,10380.0,5360.0,12732.0,19211.0,4969.0,9428.0,7456.0,5406.0,5127.0,18039.0,3290.0,6463.0,14429.0,3369.0,17735.0,1455.0,1758.0,521.0,5657.5,10273.0,2552.0,19825.0,4881.0,4621.0,1474.0,12746.0,8442.0,19704.0,9358.0,11083.0,19081.0,24560.0,10958.0,19893.0,15178.0,4497.0,4712.0,8687.0,11520.0,6973.0,18998.0,15507.0,6004.0,10972.0,10827.0,18836.0,19178.5,685.0,2402.0,2754.0,9095.0,14290.0,1037.0,
13185.0,1526.0,7496.0,3212.0,18723.0,7088.0,8150.0,5790.0,4464.0,10137.0,2116.0,9343.0,5701.0,2165.0,7581.0,8088.0,6944.0,9665.0,1845.0,11105.0,18750.0,5778.0,3632.0,19008.0,10575.0,8938.0,17956.0,12986.0,15043.0,14050.0,17609.0,10118.0,19554.0,18872.0,4534.0,10223.0,7776.0,1751.0,6084.0,14017.0,10995.0,6161.0,49.0,11166.0,6876.0,4385.0,1085.0,13787.0,19201.0,2068.0,1148.0,6136.0,10714.0,9156.0,10577.0,17787.0,23284.5,10995.0,956.0,9420.0,8325.0,12944.5,9239.0,9015.0,18145.0,7883.0,2906.0,16245.0,6751.0,
17869.0,10841.0,7194.0,3310.0,14775.0,7256.0,7007.0,1543.0,12847.0,19035.0,10319.0,11213.0,3926.0,13795.0,19738.0,25131.0,10786.0,659.0,13691.0,14748.0,4133.0,11504.0,8072.0,5417.0,16779.0,8058.0,3465.0,13504.0,13760.0,17121.0,23793.5,13345.0,13900.0,6846.0,10627.0,5921.0,12250.0,13642.0,2784.0,3819.0,9574.0,1710.0,5734.0,8661.0,721.0,19624.0,4411.0,18639.0,15454.0,11916.0,9840.0,12747.0,13124.0,13971.0,15598.0,3254.0,904.0,1723.0,8354.0,16357.0,15224.0,5501.0,14528.0,20476.0,11896.0,340.0,1335.0,6955.5,11241.0,13876.0,13516.0,3574.0,19612.0,27153.0,15082.0,18085.0,15856.0,161.0,1073.0,
16515.0,10004.0,8701.0,15623.0,8582.0,9440.0,10537.0,14976.0,1354.0,5799.0,10978.0,18414.0,7872.0,17781.0,7291.0,13135.0,18564.0,14689.0,19330.0,4797.0,10870.0,16813.0,19375.0,1795.0,4935.0,1868.0,7925.0,8987.0,19573.0,3755.0,3357.0,4658.0,10907.0,17679.0,15254.0,8993.0,635.0,5999.0,761.0,1475.0,1428.0,7799.0,1525.0,10244.0,17408.0,8604.0,1087.0,9518.0,4881.0,1931.0,2529.0,13555.0,6042.0,6198.0,14093.0,18797.0,9408.0,8614.0,6021.0,4935.0,7864.0,7567.0,11042.0,10349.0,15614.0,20902.0,10576.0,4127.0,6860.0,15245.0,10479.0,
18182.0,15062.0,6391.0,17239.0,17383.0,6181.0,9659.0,11166.0,3333.0,15657.0,19551.0,20665.5,2229.0,6334.0,19195.0,12062.0,2581.0,19733.0,8383.0,8579.0,392.0,1417.0,1493.0,2167.0,1348.0,18036.0,17162.0,2329.0,12607.0,16973.0,19894.0,5842.0,13251.0,2448.0,11823.0,13255.0,7477.0,983.0,4353.0,7597.0,8731.0,17781.0,22304.0,9046.0,6414.0,15453.0,5056.0,15960.0,9067.0,7056.0,8512.0,
8287.0,17803.0,6639.0,10389.0,13117.0,135.0,1378.0,1419.0,15327.0,1387.0,2318.0,6332.0,6141.0,6580.0,878.0,9460.0,7422.0,6300.0,18140.0,19294.0,1686.0,5841.0,17956.0,1857.0,3370.5,3027.0,16142.0,17314.0,2344.0,18918.0,13041.0,5064.0,18407.0,2142.0,
12557.0,10723.0,1634.0,8334.0,7917.0,12652.0,14374.0,19995.0,6971.0,15002.0,19887.0,10999.0,1934.0,10107.5,16347.0,8662.0,9315.0,11868.0,2500.0,3874.0,
5095.0,7656.0,17798.0,8771.0,13860.0,2877.0,15122.0,155.0,9237.0,9556.0,6829.0,13222.0,9175.0,244.0,546.0,4127.0,8614.0,17098.5,16969.0,6403.0,5859.0,8332.0,14041.0,11418.0,15301.0,11410.0,13348.0,3701.0,16492.0,9836.0,888.0,10071.0,16501.0,13072.0,10143.0,6862.0,15414.0,3803.0,16043.0,16363.0,
17917.0,6419.0,12300.0,2776.0,5695.0,16147.0,9946.0,3541.0,2669.0,84.0,4457.0,18715.0,18819.0,9516.0,5493.0,1999.0,3976.0,4289.5,627.0,7098.0,3697.0,4726.0,13838.0,23798.5,19921.0,7977.0,15643.0,20176.0,9066.0,12425.0,5132.0,8434.0,11180.0,14794.5,7229.0,9034.0,10696.0,3324.0,13734.0,1772.0,1108.0,10878.0,19540.0,11192.0,15867.0,12768.0,17497.0,17212.0,17249.0,4975.0,4240.0,
7403.0,10374.0,7127.0,8597.0,19151.0,3240.0,9429.0,15083.0,6193.0,10345.0,3503.0,9951.0,16917.0,13932.0,16355.5,4847.0,12247.0,13555.0,2471.0,8909.5,12877.0,8958.0,13230.0,6159.0,7903.5,3489.0,1796.0,6833.0,3333.0,4712.0,64.0,12823.0,20665.0,15684.0,7163.0,10955.0,7584.0,18736.0,14608.0,9566.0,1227.0,3116.0,6215.0,12008.0,15737.0,14923.0,19844.0,19761.0,14996.0,7500.0,14390.0,999.0,
5104.0,2476.0,6466.0,4634.0,19958.0,18494.0,3764.0,5249.0,18479.0,5429.0,1669.0,18709.0,9784.0,15150.0,606.0,7825.0,16193.0,119.0,10010.0,11627.0,14199.0,11285.0,7723.0,15247.0,9365.0,18647.0,26000.0,14706.0,18894.0,9013.0,8615.0,1025.0,
4917.0,16496.0,8731.0,12307.0,2890.0,11313.0,15178.0,7806.0,12718.0,15799.0,19544.0,8042.0,2158.0,18862.0,410.0,12550.0,16284.0,2810.0,17487.0,11966.0,8077.0,603.0,19118.0,13689.0,1771.0,13368.0,12701.0,16168.0,19301.0,10983.0,18936.0,
14228.0,13932.0,10864.0,12397.0,14155.0,16737.0,9688.0,11721.0,17698.0,15213.0,9594.0,13160.0,3481.0,8888.0,71.0,12498.0,6900.0,18675.0,24633.5,11917.0,14289.0,8279.0,15088.0,18237.0,8094.0,19230.0,3561.0,12231.0,16675.0,12081.0,9376.0,7441.0,61.0,1508.0,15945.0,2264.0,16800.0,16820.0,5866.0,1673.0,
11946.0,2179.0,3718.0,6567.0,11359.0,4852.0,4466.0,13157.0,13315.0,2030.0,15820.0,14317.0,15933.0,12101.0,18897.0,7580.0,9218.0,13270.0,15484.0,15445.0,9709.0,11431.0,19641.0,16116.0,14155.0,5198.0,4547.0,13251.0,14147.0,8111.0,12736.0,5339.0,5352.0,5673.0,7714.0,7140.0,10298.0,13725.0,357.0,5827.0,8186.0,8579.0,14676.0,2608.0,18999.0,5772.0,19217.0,14233.0,13230.0,6146.0,11325.0,10358.0,535.0,4735.0,8400.0,2471.0,4429.0,15808.0,15639.0,10407.0,13585.0,6356.0,5637.0,4322.0,19877.0,18534.0,15283.0,4418.0,11844.0,10476.0,
8310.0,18798.0,3433.0,6607.0,17921.0,15436.0,8805.0,6356.0,9879.0,18780.0,4957.0,3939.0,1209.0,18424.0,5856.0,12451.0,13994.0,17098.5,6209.0,11480.0,11918.0,2682.0,4422.0,6077.0,6557.0,9831.0,4233.0,4831.0,1086.0,13803.0,2149.0,1862.0,6887.0,14806.0,13248.0,7519.0,8827.5,2617.0,18713.0,11950.0,6350.0,19028.0,2401.0,13275.0,16552.0,14421.0,7332.0,18419.0,11035.0,15694.0,5282.0,1605.0,19724.0,1949.0,4007.0,16809.0,13764.0,6253.0,9475.0,13657.0,7951.0,
12500.0,6129.0,6345.0,16762.0,16380.0,2772.0,4829.0,12440.0,12768.0,4772.0,16006.0,11516.0,9212.0,16037.0,10891.0,12418.5,3055.0,6046.0,3182.0,9055.0,4220.0,11740.0,17617.0,27218.0,19202.0,25235.5,12067.0,12671.0,16130.0,1357.0,2472.0,2230.0,422.0,3001.0,3397.0,3765.0,19371.0,15041.0,1456.0,16158.0,17197.0,15686.0,1182.0,10138.0,17839.0,24429.0,13180.0,17071.0,11381.0,12945.0,9227.0,5970.0,17995.0,11298.0,2050.0,7423.0,5188.0,18270.0,15847.0,448.0,4702.0,7173.0,13474.0,7958.0,8800.0,8458.0,3409.0,12479.5,18141.0,13523.0,23391.5,19737.0,16283.0,1017.0,2272.0,4996.0,6600.0,
13855.0,11310.0,3187.0,2535.0,13283.0,13439.0,16032.0,13348.0,18998.0,7569.0,12344.0,22068.0,19448.0,5983.0,4317.0,19701.0,9941.0,6935.0,2605.0,11607.0,10387.0,
18960.0,13451.0,7590.0,19833.0,9534.0,15065.0,16112.0,3868.0,16886.0,17553.0,12948.0,11216.0,8144.0,14337.0,15713.0,17348.0,7471.0,18458.0,19373.0,3483.0,13772.0,15673.0,6762.0,2957.0,11489.0,15702.0,7828.0,9827.0,4780.0,1768.0,16080.0,17362.0,18856.0,19827.0,14311.0,
18525.0,3723.0,421.0,9460.0,14407.0,5233.0,4933.0,11567.0,5320.0,13428.0,2103.0,4018.0,18396.0,744.0,15547.0,10632.0,15808.0,13795.0,13675.0,7574.0,901.0,4720.0,9875.0,15296.0,1035.0,11393.0,17901.0,13016.0,5896.0,9726.0,16300.0,2426.0,18340.0,2050.0,8131.0,7630.0,4269.0,6327.0,12963.0,14042.5,2159.0,5313.0,7604.0,19422.0,2575.0,18375.0,13299.0,23271.5,19945.0,13835.0,19423.0,17653.0,10650.0,377.0,145.0,10038.0,7886.0,8734.0,15684.0,18215.0,14674.0,14552.0,7609.0,16490.0,14825.0,
579.0,3303.0,6768.0,6760.0,4076.0,4824.0,11459.0,14337.0,7276.0,4490.0,15360.0,625.0,13785.0,5639.0,16999.0,16117.0,14990.0,11810.0,8002.0,6776.0,4565.0,11513.0,14717.0,15520.0,9282.0,10796.0,12353.5,3115.0,16315.0,11706.0,9760.0,15986.0,14982.0,7019.0,10814.0,14410.0,
3918.0,15818.0,19200.0,15522.0,16772.0,7805.0,18207.0,12211.0,4948.0,16186.0,19767.0,7759.0,720.0,9624.0,701.0,13224.0,1170.0,14576.0,16634.5,4117.0,3109.0,51.0,15124.0,10839.0,2290.0,3022.0,9072.0,3346.0,15344.0,9491.0,3839.0,974.0,3605.0,4504.0,7689.0,5607.0,
10421.0,12919.0,16594.0,3004.0,3898.0,15160.0,13757.0,18659.0,5125.0,19489.0,15760.0,15171.0,12618.0,16163.0,5427.0,12384.0,6294.0,3327.0,14223.0,7933.0,17187.0,4681.0,8105.0,16347.5,16485.0,513.0,7647.0,11913.0,8532.0,3853.0,17506.0,16798.0,8157.0,2046.0,17267.0,19003.0,7331.0,7701.0,12269.0,19686.0,2060.0,2777.0,
19549.0,16139.0,18964.0,13086.0,17238.0,9951.0,9640.0,3217.0,9409.0,18288.0,11166.0,13409.5,4487.0,13069.0,4085.0,10007.5,11845.0,4282.0,6864.5,5165.0,15142.0,7087.0,2645.0,6623.0,7744.0,10229.5,4971.0,2293.0,11320.0,11997.0,4782.0,19976.0,
5353.0,14666.0,18377.0,17261.0,3755.0,9715.0,4991.0,13066.0,14284.0,13383.0,17970.0,6144.0,18806.0,463.0,17559.0,4317.0,4645.0,11689.0,16837.0,7667.0,9092.0,3553.0,
8310.0,18404.0,14664.0,4709.0,14287.0,17261.0,4334.0,10747.0,6751.0,11586.0,16997.0,16240.0,18243.5,4007.0,14221.0,10436.0,2775.0,8498.0,17923.0,19756.0,
5837.0,18730.0,13369.0,6253.0,15267.0,5937.0,4453.0,6123.0,19236.0,15705.0,5904.0,18374.0,8697.0,19157.0,15582.0,11749.0,20512.0,17526.0,3398.0,5415.0,11822.0,18274.0,3956.0,6326.0,4740.0,7123.0,1831.0,6046.0,8430.0,8447.0,34.0,2454.0,7273.0,3244.0,2221.0,7458.0,10474.0,15394.0,13027.0,6371.0,19584.0,18314.0,13916.0,
19801.0,13049.0,3888.0,4851.0,4861.0,5610.0,7457.0,18920.0,8553.0,14288.0,5040.0,4707.0,18216.0,15480.0,1157.0,6040.0,12173.0,8465.0,2649.0,5041.0,7258.0,8851.0,793.0,17548.0,19365.0,19095.0,1554.0,1957.0,7920.5,11927.0,14643.5,5433.0,11217.0,11803.0,6314.0,3245.0,5452.0,10227.0,16113.0,18191.0,8094.0,3308.0,4047.0,15903.0,3629.0,4719.5,2181.0,19674.0,16396.0,10960.0,14389.0,1750.0,8869.0,8039.0,8711.0,11488.0,15093.0,9029.0,8263.0,3767.0,2342.0,2892.0,7128.0,10012.0,16754.0,13484.0,15386.0,23732.5,16693.0,5478.0,10563.0,14858.0,19160.0,8604.0,16714.0,7051.0,10047.0,10361.0,18712.0,
19796.0,17609.0,8488.0,2189.0,17579.0,13867.0,2740.0,2659.0,17743.0,17814.0,8356.0,7347.0,12457.0,10220.0,14113.0,7786.0,7867.5,163.0,9679.0,1020.0,13846.0,13948.0,3472.0,17998.0,61.0,17175.0,12779.0,2905.0,15544.0,9096.0,6777.0,18527.0,4574.0,10724.0,3999.0,
11206.0,2769.0,12602.0,16731.0,16391.0,1040.0,2132.0,917.0,9825.0,6475.0,8592.0,2016.0,19998.0,11346.0,124.0,15986.0,15833.0,20669.0,9672.0,10246.0,3623.0,7210.0,16826.5,19233.0,8903.0,10097.0,18666.0,27612.0,17892.0,19636.0,11975.0,17242.0,12346.0,13122.0,2366.0,5084.0,10626.0,3830.0,6069.0,7884.0,9748.0,1696.0,12070.0,16577.0,11993.0,2779.0,18306.0,4851.0,4153.0,18081.0,2195.0,17500.0,18284.0,6114.0,14946.0,9253.0,15260.0,5270.0,6262.5,1985.0,2649.0,17409.0,698.0,17187.0,10573.0,5522.0,13135.0,
5161.0,1754.0,14595.0,13511.0,2462.0,12175.0,1897.0,9453.0,13124.0,749.0,13915.0,21733.5,15637.0,11001.0,15202.5,8403.0,14620.0,8788.0,7297.0,19284.0,15763.0,6470.0,10138.0,13138.0,3867.0,9204.0,19922.0,18163.0,3985.0,8508.5,9047.0,9456.0,16080.0,24090.0,16020.0,6567.0,8789.0,14990.0,7353.0,1296.0,923.0,3053.0,19262.0,18404.0,16202.0,5744.0,6576.0,4417.0,9653.0,10472.0,13429.0,17502.0,19073.0,3804.0,13734.0,8278.0,13631.0,3872.0,16626.0,718.0,7201.5,12967.0,17638.0,15050.0,20674.0,11248.0,9276.0,1787.0,6771.0,1948.0,
9333.0,9895.0,16624.0,3189.0,15961.0,11711.0,18002.0,12891.0,19676.0,8918.0,10261.0,1173.0,9091.0,8531.0,3238.0,4391.0,13086.0,16884.0,7596.0,19618.0,13789.0,10487.0,8984.0,9547.5,1127.0,16693.0,7206.0,13289.0,2315.0,10666.0,
5428.0,18715.0,16481.0,4657.0,18516.0,8129.0,7283.0,11608.0,3314.0,13916.0,1442.0,14315.0,12161.0,17026.0,10068.0,6176.0,18196.0,6397.0,15278.0,19759.0,4097.0,13602.0,19010.0,28816.5,19613.0,172.0,7978.0,8012.0,15967.0,16420.0,18846.0,4852.0,5993.0,2282.0,11596.0,12694.0,14842.0,4296.0,9315.0,2761.0,7583.0,1812.0,10612.0,11236.0,6251.0,4278.0,8870.0,9184.0,11863.0,15246.0,8596.0,16098.0,17649.0,6797.0,1875.0,4837.0,652.0,6552.0,7613.0,6454.0,7474.0,18522.0,19062.0,5090.0,19745.0,10824.0,16866.0,16013.0,13639.0,11365.0,3294.0,15464.0,17495.0,13464.0,
15713.0,19816.0,8246.0,11792.0,436.0,18783.0,841.0,13315.0,4371.0,14544.0,5157.0,6067.5,1821.0,18917.0,11954.0,12856.0,1804.0,16048.0,14515.0,19510.0,19368.0,1900.0,12169.0,17456.0,5916.0,18127.0,17256.0,14836.0,23125.5,16579.0,14679.0,6457.0,5338.0,10403.0,2839.0,11657.0,14938.0,19864.0,11253.0,13492.0,8265.0,13086.0,9642.0,13495.0,14317.0,16568.0,2748.0,16429.0,8996.0,13113.0,6541.0,10016.5,6951.0,8827.0,13874.0,1152.0,3565.5,4827.0,6491.5,3329.0,7497.5,8337.0,13633.0,16691.0,3194.0,11172.0,799.0,15821.0,
4402.0,16790.0,2886.0,13799.0,9617.0,19796.0,4269.0,1722.0,18781.0,13472.0,10701.0,6013.0,13479.5,14933.0,6564.0,16999.0,7327.0,15986.0,8289.0,15787.0,13432.0,8624.0,12620.0,7992.0,16623.0,15774.0,5917.0,15913.0,15647.0,19936.5,8579.0,4038.0,13555.5,19035.0,18957.0,16503.0,18652.0,18043.0,5386.0,14113.0,1623.0,187.0,9136.0,9920.0,16818.0,5012.0,2900.0,17568.0,19918.0,15941.0,8223.0,7280.0,19519.0,8891.0,6149.0,4403.0,131.0,12469.0,4841.0,5642.0,3291.0,17155.0,5176.0,12323.0,13198.0,1016.0,14913.0,15247.0,668.0,9294.0,8282.0,16486.5,16409.0,1670.0,7694.0,13998.0,6182.0,5870.0,
4890.0,999.0,11057.0,7551.0,13101.0,5103.0,19801.0,10188.0,5614.0,7886.0,5240.0,19598.0,4067.0,13999.0,11282.0,13134.0,7023.0,17440.0,19287.0,2139.0,11305.0,8802.0,
15732.0,12821.0,11238.0,14990.0,18359.0,1891.0,5171.0,10944.0,13926.0,12374.0,9227.0,7265.0,1061.0,11522.0,1045.0,10488.0,18755.0,10285.0,1329.0,2347.0,301.0,6899.0,18058.0,7429.0,11512.0,12627.0,15079.0,2386.0,18817.0,
18485.0,15896.0,7173.0,19598.0,5534.0,5877.0,4493.0,13800.0,17674.0,15990.0,3902.0,14875.0,3844.0,12517.0,10217.0,11817.0,8348.0,12769.0,15727.5,5917.0,5871.0,8249.0,8837.0,1300.0,18453.0,4347.0,9385.0,2041.0,18128.0,
10643.0,12433.0,8582.0,4024.0,2532.0,1260.0,11116.0,13589.0,400.0,10060.0,3728.0,1577.0,13600.0,19698.5,12197.0,405.0,13719.0,3974.0,1110.0,8844.0,18402.0,12709.0,9233.0,8188.0,14544.0,477.0,8420.0,13840.0,3724.0,12620.0,806.0,17948.0,16343.0,11878.0,13011.0,11163.0,9912.0,4496.0,18164.0,2617.0,12774.0,9601.0,6968.0,4313.0,10245.0,16452.0,17178.0,19685.5,5015.0,18526.0,14142.0,10856.0,8709.0,19989.0,14608.0,4857.0,
3378.0,18517.0,7560.0,12651.0,798.0,8386.0,17073.0,14063.0,1774.0,18765.0,17177.0,14993.0,17493.0,5000.0,12937.0,12167.0,17208.0,13525.0,7072.0,15848.0,13814.0,10907.0,15384.0,5597.0,10546.0,12457.0,2070.0,7506.0,10872.0,10200.0,10980.0,19989.0,14986.0,22727.0,15482.0,8498.0,11638.0,5997.0,17699.0,
7228.0,8359.0,5282.0,16203.0,9044.0,1022.0,9687.0,13296.0,11826.0,14303.0,11165.0,5833.0,18733.0,3906.0,12311.0,11626.0,3678.0,2376.0,15423.0,8648.0,7681.0,4236.0,2143.0,12089.0,19892.0,12818.0,6066.0,18970.0,3495.0,16751.0,7485.0,4017.0,5314.0,13683.0,84.0,1364.0,2560.0,1030.0,18062.0,2301.0,11751.5,18901.0,1355.0,5913.0,13422.0,10219.0,16677.0,19817.0,9273.0,15128.0,4231.0,18888.0,1921.0,19542.0,18386.0,10975.0,11808.0,19696.0,11589.0,16928.5,10679.0,5596.0,17811.0,14720.0,19525.5,9611.0,1512.0,7639.0,8265.0,9908.0,2187.0,14971.0,4200.0,2159.0,13744.0,19807.0,13328.0,
3315.0,11089.0,11869.0,18866.0,64.0,3451.0,17102.0,3581.0,1568.0,18437.0,12781.0,17973.0,10384.0,16793.0,12818.0,13470.0,20116.5,13293.0,22917.5,19249.0,4602.0,6545.0,15433.0,18265.0,9133.0,4414.0,15723.0,13862.0,18014.0,1120.0,
6980.0,7347.0,16283.0,7392.0,15619.0,528.0,6983.0,7281.0,485.0,10685.0,6620.0,15698.0,2253.0,5140.0,8643.5,7007.0,2829.0,16483.0,5499.0,16905.0,18393.0,2536.0,18528.0,27044.5,17033.0,5684.0,8222.0,2054.0,2167.0,13577.0,1984.0,17604.0,17244.0,13187.0,12510.0,8852.0,14307.0,1671.0,14958.0,7880.0,3953.0,9321.0,4890.0,6615.0,7589.0,18875.0,13177.0,11346.0,8357.0,18505.0,19435.0,12819.0,13678.0,4160.0,2950.0,19225.0,15630.0,15451.0,2649.0,13405.0,14960.0,3395.0,15365.0,8065.0,11801.0,12798.0,5899.0,887.0,15784.0,4868.0,14013.0,1960.0,3647.0,10756.0,15158.0,
15394.0,14393.0,3283.0,15104.0,1662.0,19351.0,4213.0,7883.0,12741.0,1.0,3198.0,13927.0,15588.0,13068.0,2821.0,10275.0,11298.0,9143.0,18397.0,17841.0,19608.0,3534.0,593.0,16374.0,17921.5,3095.0,9515.0,4540.0,7289.0,17553.0,2115.0,13033.0,485.0,1514.0,8984.0,3800.0,9399.0,440.0,15836.0,
15324.0,16715.0,14837.0,1266.0,3418.0,12605.0,6982.0,15729.0,2772.0,17434.0,6243.0,19669.0,1085.0,7217.0,13445.0,17861.0,19695.0,11698.0,2617.0,7392.0,3325.0,10660.0,10765.5,211.0,5322.0,619.0,13031.0,16792.5,7523.0,3460.0,6576.0,11430.0,1981.0,7289.0,
8289.0,4635.0,19327.0,12308.0,14348.0,5350.0,7210.0,11654.0,315.0,10638.0,17394.0,4755.0,9249.0,12533.5,6569.0,81.0,10328.0,15609.0,15733.0,1439.0,10970.0,19139.0,15550.0,1212.0,
10553.0,13480.0,4602.0,9763.0,3886.0,5348.0,9006.0,3099.0,2268.0,13537.0,12213.0,15739.0,8509.0,12722.0,19443.0,2550.0,6337.0,8143.0,2686.0,18149.0,3442.0,5494.0,1345.0,7853.0,13016.0,10911.0,10471.0,17908.0,14726.0,15314.0,17086.0,17178.0,3995.0,19114.0,
19357.0,2917.0,12399.0,18007.0,8323.0,9445.0,2225.0,9409.0,16816.0,1218.0,9872.0,4444.0,13282.0,17100.5,7637.0,12938.0,2301.0,10714.0,11334.0,17155.0,22445.5,10581.0,20172.0,19182.0,516.0,11381.0,3932.0,11747.0,4779.0,2946.0,17407.0,1701.0,4087.0,17966.0,12974.0,19948.0,14861.0,18847.0,16822.0,5349.0,5858.0,8980.0,11837.0,14122.5,4571.0,7650.0,6158.0,4046.0,2488.0,1010.0,5395.0,11060.0,19337.5,16555.0,10067.0,11311.0,3724.0,12761.0,17146.0,8912.0,6429.0,7603.0,13725.5,12245.0,3391.0,1682.0,663.0,938.0,14414.0,867.0,19574.0,10178.0,4716.0,1676.0,13110.0,9602.0,
11583.0,416.0,7783.0,19105.0,13563.0,18824.0,12483.0,14869.0,16587.0,6716.0,1842.0,6452.0,16761.0,535.0,7182.0,11245.0,149.0,11044.0,11049.0,10365.0,18386.5,16043.0,18539.0,11480.0,13068.0,4014.0,8762.0,16872.0,8488.0,4582.0,17424.0,13628.0,13151.0,16972.0,1601.0,12322.0,13376.0,22441.5,18131.0,205.0,8419.0,16319.0,19012.0,16404.0,20285.0,7762.0,15205.0,7657.0,12798.0,19734.0,
15479.0,15884.0,3610.0,15916.0,8323.0,3613.0,16181.0,16759.0,8998.0,1895.0,6496.0,8679.0,16776.0,11078.0,19224.5,16293.0,2883.0,15887.0,2713.0,16191.0,1033.0,2803.0,2192.0,11020.0,5985.0,14413.5,16857.0,7403.0,14390.0,18791.0,16523.0,12590.0,5922.0,10365.0,7539.0,13545.0,18630.0,26211.5,15163.0,8217.0,16219.0,6975.0,14509.0,11858.0,3827.0,1898.0,115.0,2774.0,19600.0,19290.0,12957.0,18714.0,16155.0,3634.0,7317.0,4503.0,15132.0,
18951.0,4640.0,9053.0,3244.0,3364.0,16029.0,4509.0,9155.0,18583.0,12486.0,3104.0,7761.0,10796.0,6070.0,17520.0,7757.0,19326.0,9834.0,19578.0,19370.0,3065.0,10082.0,2802.0,656.0,5079.0,19071.0,17357.0,992.0,2924.0,16681.0,5779.0,11463.0,7108.0,13924.0,5816.0,13871.0,396.0,15862.0,5694.0,16858.0,
17694.0,3057.0,320.0,8548.0,7353.0,965.0,8551.0,2175.0,4193.0,13693.0,10208.0,6500.0,18380.0,2462.0,210.0,2886.0,5352.0,15446.0,24976.0,19060.0,18986.0,8986.0,1494.0,10755.0,11359.0,19982.0,721.0,18279.0,2666.0,3887.0,5534.0,
12368.0,256.0,12010.0,3951.0,737.0,8106.0,10195.0,14396.0,10072.0,12982.0,9504.0,16556.0,6811.0,8496.0,3811.0,14997.0,8579.0,8165.0,6874.0,17963.0,17304.0,14389.0,15659.0,10264.0,11488.0,14695.0,17611.0,7723.0,12158.0,4279.0,9322.0,6164.0,10513.0,14818.0,10606.0,12046.0,5183.0,
15274.0,11441.0,10104.0,10893.0,19227.0,6917.0,1368.0,8203.0,7919.0,6943.0,3606.0,5887.0,9518.0,12519.0,4069.0,17666.0,18634.0,5996.0,3647.0,1821.0,
7603.0,18820.0,9373.0,36.0,3077.0,6465.0,10122.0,13784.0,19492.0,12465.0,3435.0,909.0,11082.0,2714.0,14902.0,13928.0,11994.0,8139.0,11723.0,19577.0,16601.0,16677.0,548.0,318.0,3279.0,5922.0,2394.0,13490.0,102.0,9046.0,
1893.0,3265.0,16050.0,11196.0,3720.0,16008.0,7749.0,7436.0,11390.0,10878.0,2280.0,17250.0,3292.0,19356.0,11778.0,10600.0,7535.0,11734.0,3075.0,13377.0,8876.0,13033.0,8314.0,13375.0,5220.0,14624.0,23063.0,16878.0,18977.0,1102.0,8443.0,3854.0,2658.0,15728.0,14904.0,6260.0,6672.0,16013.0,14115.0,9575.0,12226.0,974.0,16400.0,2853.0,6076.0,12496.0,15092.0,3718.0,15818.0,868.0,3578.0,13248.0,10601.0,8661.0,15005.0,17873.0,840.0,8061.0,10462.0,13147.0,10311.0,10649.0,12139.0,1597.0,15732.0,15130.0,3574.0,13797.0,12546.0,
6304.0,5511.0,9622.0,518.0,4387.0,5511.0,4545.0,3287.0,9793.0,8837.0,10846.0,16224.5,10757.0,2964.0,19554.0,14428.0,8773.0,147.0,17452.0,22565.5,10227.0,13251.0,15783.0,8554.0,877.0,3672.0,18129.0,17640.0,19585.0,14175.0,9799.0,18271.0,1579.0,2095.0,711.0,3092.0,11219.0,7439.0,11560.0,12829.0,3735.0,12296.0,16082.0,2490.0,13398.0,8207.0,17268.0,13700.0,2849.0,10795.0,15892.0,12024.0,5326.0,12601.0,17560.0,19587.0,19878.0,4818.0,11004.0,7064.0,8273.0,2418.0,7558.0,18029.0,994.0,9995.0,875.0,13113.0,15724.5,5223.0,18794.0,2280.0,10121.0,9360.0,7687.0,
1517.0,18545.0,560.0,1200.0,7083.0,7155.0,11176.0,14617.0,12961.0,1255.0,18642.0,4760.0,17708.0,8219.0,7016.0,7598.0,9123.5,3051.0,9961.0,19695.0,10380.0,19147.0,2771.0,2554.0,15795.0,8220.0,2741.0,8155.0,4595.0,3901.0,1558.0,7661.5,12207.0,17074.0,9293.0,16178.0,8700.0,6396.0,3188.0,7040.0,13998.0,13916.0,265.0,18184.0,4279.0,141.0,16998.0,5421.0,2630.0,11586.0,17416.0,18375.0,1473.0,5219.0,6424.0,13038.0,
1755.0,2683.0,4484.0,6883.0,8581.0,5009.0,17439.0,3662.0,17563.0,5276.0,7983.0,3719.0,654.0,13147.0,15806.0,14363.0,20624.0,12522.0,11946.0,7471.0,7290.0,15194.0,16012.0,15483.0,19605.0,17726.0,17817.0,3131.0,17305.0,15916.0,16056.0,14459.0,18333.0,16741.0,10173.0,5556.0,15894.0,
14912.0,8105.0,9220.0,11119.0,16358.0,4585.0,2026.0,16334.0,7888.0,4647.0,5803.0,9535.0,7464.0,16934.0,19905.0,130.0,15048.0,13032.0,18896.0,16709.0,14235.0,12868.0,4659.0,14223.0,11626.0,3201.0,5762.0,13322.0,15120.0,14805.0,3028.0,14467.0,6600.0,8107.0,3014.0,17981.0,22866.5,9771.0,10582.0,15657.5,10151.0,14857.0,12486.0,9173.0,11574.0,18005.0,1011.0,9755.0,
3526.0,13911.0,4184.0,12564.0,4646.0,4017.0,16129.0,3103.0,12349.0,1184.0,10367.0,13878.0,7824.0,552.0,11589.0,12789.0,13057.5,537.0,10018.0,14682.0,13784.0,8072.0,8398.0,19420.0,1471.0,6418.0,
15760.0,8144.0,421.0,6589.0,16570.0,6012.0,17883.0,8447.0,5973.0,8299.0,6519.0,17777.0,9534.0,630.0,10710.0,37.0,6098.0,12022.0,11848.0,17247.0,8512.0,16794.0,12821.0,6966.0,852.0,4792.0,530.0,12217.0,4722.0,4276.0,12064.0,11666.0,3939.0,16265.0,19608.0,6686.0,14223.0,15745.0,17585.0,2123.0,2015.0,16505.0,14233.0,5994.0,271.0,14015.0,19895.0,13404.0,9741.0,12784.0,6951.0,7638.0,7318.0,10286.0,493.0,7492.0,
9923.0,10543.0,11767.0,12995.0,9509.0,3281.0,14929.0,15800.0,19651.0,1877.0,8539.0,18909.0,23726.0,9634.0,17356.0,3657.0,11505.0,15696.0,19876.0,8360.0,10677.5,4635.0,19456.0,28478.5,18045.0,13554.0,15606.0,18719.0,18613.0,9178.0,831.0,7153.0,2801.0,9453.0,1453.0,3668.0,16360.0,5656.0,15250.0,3166.0,366.0,13518.0,
11551.0,10467.0,9147.0,9865.0,7653.0,17716.0,2410.0,12296.0,17694.0,12242.0,4530.0,19751.0,18854.0,13464.0,9915.0,17129.0,1204.0,6673.0,15936.0,472.0,8450.0,14731.0,18458.0,12684.0,9843.0,6819.0,17810.0,323.0,1929.0,1473.0,2184.0,10296.0,6367.0,18367.0,5431.0,14523.0,18648.5,8251.0,2516.0,9370.0,6461.0,18175.0,14142.0,7782.0,271.0,2267.0,10917.0,17724.0,16462.0,7142.0,1365.0,2662.0,561.0,17318.0,15796.0,9017.0,10334.5,2635.0,6159.0,12163.0,9567.0,9131.0,16814.0,15718.0,9064.0,10215.0,2302.0,6673.0,888.0,11775.0,6477.0,14590.0,
8533.0,13932.0,1959.0,575.0,7777.0,12812.0,9182.0,5941.0,19199.0,4434.0,8196.0,6544.0,18821.0,15757.0,13471.0,1585.0,9091.0,1309.0,12112.0,771.0,9716.0,17890.0,3377.0,10111.0,16811.5,13401.0,15002.0,3779.0,14987.0,20903.0,11832.0,15982.0,4454.0,803.0,1034.0,13834.0,10518.0,3492.0,3711.0,2747.0,4906.0,7112.0,14087.0,14756.0,15251.0,9908.0,11862.0,12865.0,17272.0,15500.0,
8546.0,18721.0,8581.0,844.0,3784.0,4351.0,19560.0,7595.0,15742.0,6464.0,11535.0,7699.0,17637.0,21128.5,6983.0,13892.5,13819.0,15953.0,5153.0,18898.0,5862.0,19607.0,13978.0,13260.0,11500.0,2263.0,16597.0,19150.0,619.0,3702.0,9625.0,6108.0,10157.0,8098.0,7867.0,18802.0,7511.0,10363.0,13432.0,16354.0,6181.0,14391.0,6804.0,
7635.0,10801.0,13272.0,5499.0,16314.0,9958.0,17701.0,15147.0,17790.0,10604.0,1643.0,10607.0,4646.0,7208.0,10101.5,5787.0,12664.5,13755.0,3802.0,19659.0,14768.0,16706.0,19140.0,2465.0,2020.0,3615.5,3191.0,10702.0,5471.0,8233.0,18635.0,7922.0,4230.0,4706.0,2015.0,14379.0,17594.0,6878.0,16808.0,8831.0,9326.0,1513.0,2318.0,2040.0,397.0,6116.0,11438.0,15784.5,8693.0,6687.0,1687.0,2497.0,14759.0,4249.0,10097.0,3260.0,4033.0,1546.0,9305.0,5282.0,5194.0,16825.0,7948.0,15368.0,18068.0,13193.0,7262.0,18686.0,12706.0,
9902.0,9859.0,11807.0,16307.0,2298.0,16513.0,495.0,10421.0,15558.0,10423.0,15509.0,5589.0,7794.0,7100.0,19531.0,5581.0,448.0,10029.0,15512.0,7435.0,3112.0,6287.0,18974.0,6362.0,12403.0,13140.0,19138.0,4445.0,
874.0,8715.0,16385.0,11719.0,15288.0,15990.0,12137.0,15284.0,11894.0,9988.0,15600.0,10802.0,1012.0,4742.0,16709.0,1345.0,17163.0,14820.0,16813.0,10464.0,5711.0,461.0,3283.0,19977.0,17358.0,1202.0,17502.0,13933.0,14812.5,1759.0,12606.0,7498.0,16658.0,8292.0,12808.0,2813.0,13650.0,7872.0,18724.0,18277.0,20609.0,4664.0,5163.0,6552.0,15856.0,8259.0,19428.0,5621.0,6834.0,2426.0,14650.0,7623.0,19403.0,28152.5,17499.0,7762.0,19331.0,9388.0,11279.0,7160.0,9100.0,
19516.0,7652.0,17934.0,9515.0,10222.0,1096.0,5662.0,8343.0,2380.0,17371.0,1582.0,10506.5,17849.0,6810.0,11892.0,768.0,16104.0,6005.0,2748.0,12782.0,19412.0,19261.0,18884.0,7605.0,11985.5,8761.0,14268.0,14872.0,15147.0,7555.0,18570.0,25663.0,14186.0,12853.0,1437.0,6037.0,15207.0,8246.0,13909.0,14585.0,904.0,4460.0,7112.0,15901.0,19181.0,10417.0,17604.0,17.0,7849.0,628.0,13272.0,6318.0,17987.0,13654.0,4358.0,15004.0,6624.0,
12755.0,1050.0,13902.0,9595.0,12009.0,14327.0,13533.0,5896.0,11585.0,17590.0,19306.0,18544.0,16651.0,12072.0,9818.0,13079.0,6531.0,1789.0,12069.0,17781.0,13185.0,15109.0,9155.0,13672.0,10229.0,12220.0,4778.0,10069.0,4227.0,16467.0,8246.0,3928.0,16264.0,6151.0,6250.0,9896.0,9916.5,41.0,9651.0,16067.5,12833.0,11679.0,1329.0,3183.0,12500.0,8555.0,11631.0,13028.0,11949.0,1198.0,836.0,4208.0,6744.0,6112.0,8239.0,7058.0,15463.0,7431.0,13493.0,3690.0,11556.0,15111.0,7110.0,8560.0,2900.0,11958.0,5797.0,7110.0,1302.0,16732.0,11204.0,7969.0,15436.0,17347.0,19738.0,
4224.0,18466.0,851.0,2300.0,6335.0,17201.0,513.0,1853.0,12465.0,8749.0,14104.0,2185.0,8540.0,12183.0,15101.0,9213.0,9820.0,3220.0,7904.0,18841.0,9094.0,
4176.0,19780.0,7316.0,14369.0,12932.0,1517.0,5076.0,16535.0,9530.0,12829.0,439.0,17189.0,10708.0,19548.0,13924.0,16623.5,5399.0,14553.0,8386.0,8171.0,8261.0,1299.0,1044.0,15179.0,12713.0,16925.0,10497.0,13015.0,9296.0,12773.0,9058.0,8668.0,11974.0,9723.0,10015.0,359.0,4192.0,12181.0,2010.0,2517.5,1015.0,7385.0,16776.0,18782.0,15983.0,10669.0,4381.0,10728.0,2413.0,18424.0,23815.5,10783.0,17369.0,11763.0,8872.0,19327.0,13990.0,19503.0,29202.0,19398.0,7744.0,5025.0,3815.0,14698.0,232.0,18453.0,
19744.0,3771.0,12700.0,2628.0,6637.0,14788.0,11550.0,15258.0,1670.0,11523.0,11795.0,9534.0,5054.0,795.0,2144.0,14558.0,651.0,10908.0,7331.0,4422.0,5196.0,5071.0,1864.0,11353.0,14044.0,5010.0,15262.0,5667.0,
